425933644 2
425937691 1
38820496 2
183596242 2
206544316 2
201789285 2
426588729 0
453831755 0
257605131 1
257605131 1
178938417 1
299096773 1
316916655 0
14091633 1
146559012 1
146559015 1
77951245 1
177309964 12
441420236 1
289840928 1
79403459 1
234284556 2
332517282 1
410214984 2
410214986 2
224283342 1
234295610 1
286864983 1
308186412 5
93000166 1
391728166 1
72178248 1
127315102 1
128079374 0
129116176 1
129419398 1
148158540 1
159864583 1
160150808 1
162585282 2
166527623 1
241626984 1
243192504 1
243391162 1
243391171 1
291651765 2
307610438 1
30993392 1
310556491 2
320570157 2
320855910 2
323292655 3
331183881 1
332793697 0
335452175 1
338465029 1
391728166 1
434664688 1
438790187 1
438790188 1
448852739 2
48227278 1
133701671 1
161786522 1
177631209 1
212201942 1
212461524 1
255350388 1
280055342 1
338104678 1
364200513 0
374732772 1
383390264 1
193831684 1
254045302 0
360156606 1
460205581 2
130415266 3
360630575 2
283677584 1
148081650 1
21165132 1
72178247 1
148646689 1
405513314 2
