425933644
425937691
38820496
183596242
206544316
201789285
426588729
453831755
257605131
257605131
178938417
299096773
316916655
14091633
146559012
146559015
77951245
177309964
441420236
289840928
79403459
234284556
332517282
410214984
410214986
224283342
234295610
286864983
308186412
93000166
391728166
72178248
127315102
128079374
129116176
129419398
148158540
159864583
160150808
162585282
166527623
241626984
243192504
243391162
243391171
291651765
307610438
30993392
310556491
320570157
320855910
323292655
331183881
332793697
335452175
338465029
391728166
434664688
438790187
438790188
448852739
48227278
133701671
161786522
177631209
212201942
212461524
255350388
280055342
338104678
364200513
374732772
383390264
193831684
254045302
360156606
460205581
130415266
360630575
283677584
148081650
21165132
72178247
148646689
405513314